# Created by Octave 3.6.4, Fri Dec 05 01:25:37 2014 GMT <maxx@maxx-K52Jc>
# name: A
# type: matrix
# rows: 3
# columns: 3
 1 2 3
 4 5 6
 7 8 9


