# Created by Octave 3.6.4, Fri Dec 05 01:36:16 2014 GMT <maxx@maxx-K52Jc>
# name: P
# type: matrix
# rows: 278
# columns: 3
 562.36 392.4987810921839 -169.8612189078161
 581.36 344.4940737567837 -236.8659262432163
 590.08 248.4846590859833 -341.5953409140168
 617.0599999999999 248.4846590859833 -368.5753409140167
 636.78 248.4846590859833 -388.2953409140167
 60.18 301.8010053205325 241.6210053205324
 77.45999999999999 253.7962979851322 176.3362979851323
 84.06 253.7962979851322 169.7362979851322
 86.73999999999999 253.7962979851322 167.0562979851322
 126.98 253.7962979851322 126.8162979851322
 128.98 355.1173515550817 226.1373515550817
 155.45 355.1173515550817 199.6673515550817
 205.45 307.1126442196814 101.6626442196815
 5.45 307.1126442196814 301.6626442196815
 14.45 259.1079368842812 244.6579368842812
 20.65 259.1079368842812 238.4579368842812
 26.3 259.1079368842812 232.8079368842812
 126.3 163.0985222134809 36.79852221348087
 135.12 163.0985222134809 27.97852221348086
 143.02 163.0985222134809 20.07852221348085
 243.02 163.0985222134809 -79.92147778651915
 343.02 163.0985222134809 -179.9214777865191
 443.02 312.4242831188304 -130.5957168811696
 519.98 312.4242831188304 -207.5557168811696
 542.5599999999999 312.4242831188304 -230.1357168811695
 555.5599999999999 312.4242831188304 -243.1357168811695
 655.5599999999999 312.4242831188304 -343.1357168811695
 155.56 168.4101611126299 12.85016111262985
 179.1 168.4101611126299 -10.68983888737014
 344.08 120.4054537772297 -223.6745462227703
 349.37 120.4054537772297 -228.9645462227704
 370.18 120.4054537772297 -249.7745462227704
 17.87 173.7218000117788 155.8518000117788
 37.87 173.7218000117788 135.8518000117788
 40.56 173.7218000117788 133.1618000117788
 515.5599999999999 308.6873859745981 -206.8726140254018
 516.5599999999999 308.6873859745981 -207.8726140254018
 517.23 308.6873859745981 -208.5426140254019
 539.9400000000001 260.6826786391979 -279.2573213608022
 556.4400000000001 260.6826786391979 -295.7573213608022
 581.4400000000001 260.6826786391979 -320.7573213608022
 6.44 410.0084395445475 403.5684395445475
 33.61 410.0084395445475 376.3984395445475
 53.61 313.9990248737471 260.3890248737471
 58.3 265.9943175383469 207.6943175383469
 71.7 217.9896102029467 146.2896102029467
 141.68 217.9896102029467 76.30961020294669
 149.18 217.9896102029467 68.80961020294669
 179.18 217.9896102029467 38.80961020294669
 79.18000000000001 367.3153711082963 288.1353711082963
 109.18 367.3153711082963 258.1353711082963
 116.95 367.3153711082963 250.3653711082963
 16.95 367.3153711082963 350.3653711082963
 26.95 175.2965417666955 148.3465417666955
 36.95 175.2965417666955 138.3465417666955
 66.95 324.6223026720451 257.6723026720451
 69.94 132.6034733304443 62.66347333044428
 83.3 132.6034733304443 49.30347333044428
 93.3 132.6034733304443 39.30347333044428
 113.3 132.6034733304443 19.30347333044428
 23.3 281.9292342357938 258.6292342357938
 43.3 89.91040489419308 46.61040489419308
 74.39 89.91040489419308 15.52040489419308
 549.39 89.91040489419308 -459.4795951058069
 499.39 89.91040489419308 -409.4795951058069
 519.39 89.91040489419308 -429.4795951058069
 599.39 89.91040489419308 -509.4795951058069
 39.39 380.3007615389693 340.9107615389693
 41.39 284.2913468681688 242.9013468681688
 111.39 284.2913468681688 172.9013468681688
 11.39 385.6124004381182 374.2224004381183
 21.39 385.6124004381182 364.2224004381183
 24.36 337.607693102718 313.247693102718
 34.36 241.5982784319176 207.2382784319176
 47.88 193.5935710965175 145.7135710965175
 50.38 342.919332001867 292.539332001867
 70.38 342.919332001867 272.539332001867
 145.38 198.9052099956664 53.52520999566644
 189.38 150.9005026602662 -38.47949733973377
 222.88 150.9005026602662 -71.97949733973377
 172.88 108.207434224015 -64.67256577598498
 422.88 257.5331951293646 -165.3468048706354
 622.88 257.5331951293646 -365.3468048706354
 1097.88 398.5977908687912 -699.2822091312089
 22.88 254.5836688625906 231.7036688625906
 32.88 403.9094297679402 371.0294297679402
 92.88 403.9094297679402 311.0294297679402
 2.88 307.9000150971398 305.0200150971398
 8.880000000000001 307.9000150971398 299.0200150971398
 14.13 307.9000150971398 293.7700150971398
 18.12 307.9000150971398 289.7800150971398
 28.12 211.8906004263394 183.7706004263394
 18.12 211.8906004263394 193.7706004263394
 68.12 211.8906004263394 143.7706004263394
 18.12 361.216361331689 343.096361331689
 28.12 361.216361331689 333.096361331689
 38.12 313.2116539962888 275.0916539962888
 39.12 313.2116539962888 274.0916539962888
 39.45 313.2116539962888 273.7616539962888
 50.55 265.2069466608885 214.6569466608885
 99.88 265.2069466608885 165.3269466608886
 108.88 169.1975319900882 60.31753199008818
 56.88 169.1975319900882 112.3175319900882
 87.88 169.1975319900882 81.31753199008818
 107.88 270.5185855600375 162.6385855600375
 7.88 126.504463553837 118.624463553837
 37.87 126.504463553837 88.63446355383695
 47.87 126.504463553837 78.63446355383695
 57.87 126.504463553837 68.63446355383695
 61.36 126.504463553837 65.14446355383696
 101.36 131.8161024529859 30.45610245298595
 131.35 131.8161024529859 0.4661024529859503
 159.79 131.8161024529859 -27.97389754701405
 634.79 266.7816884158052 -368.0083115841948
 584.79 266.7816884158052 -318.0083115841948
 109.79 266.7816884158052 156.9916884158052
 126.72 266.7816884158052 140.0616884158052
 129.72 266.7816884158052 137.0616884158052
 139.72 266.7816884158052 127.0616884158052
 145.87 266.7816884158052 120.9116884158052
 345.87 266.7816884158052 -79.0883115841948
 145.87 266.7816884158052 120.9116884158052
 95.87 272.0933273149542 176.2233273149542
 145.87 272.0933273149542 126.2233273149542
 146.87 272.0933273149542 125.2233273149542
 147.64 272.0933273149542 124.4533273149542
 173.43 224.088619979554 50.658619979554
 73.43000000000001 373.4143808849036 299.9843808849036
 74.43000000000001 373.4143808849036 298.9843808849036
 74.83 373.4143808849036 298.5843808849036
 88.47 229.400258878703 140.930258878703
 90.47 229.400258878703 138.930258878703
 91.73999999999999 229.400258878703 137.660258878703
 134.5 181.3955515433028 46.89555154330282
 136.5 181.3955515433028 44.89555154330282
 138.05 181.3955515433028 43.3455515433028
 190.08 181.3955515433028 -8.684448456697197
 95.08 330.7213124486524 235.6413124486524
 97.08 330.7213124486524 233.6413124486524
 100.2 330.7213124486524 230.5213124486524
 204.55 186.7071904424518 -17.84280955754821
 230.55 138.7024831070516 -91.84751689294842
 232.55 138.7024831070516 -93.84751689294842
 234.61 138.7024831070516 -95.90751689294842
 303.53 138.7024831070516 -164.8275168929484
 305.53 138.7024831070516 -166.8275168929484
 339.86 240.023536677001 -99.83646332299901
 349.86 240.023536677001 -109.836463322999
 369.86 192.0188293416008 -177.8411706583992
 69.86 144.0141220062006 74.15412200620058
 89.86 96.0094146708004 6.149414670800397
 99.86 96.0094146708004 -3.850585329199603
 574.86 386.3997713155766 -188.4602286844234
 585.45 290.3903566447761 -295.0596433552239
 595.45 290.3903566447761 -305.0596433552239
 120.45 391.7114102147256 271.2614102147256
 130.45 391.7114102147256 261.2614102147256
 180.45 247.6972882085249 67.24728820852494
 199.74 247.6972882085249 47.95728820852491
 209.24 247.6972882085249 38.45728820852491
 218.17 349.0183417784743 130.8483417784743
 239.81 210.3158586714227 -29.49414132857729
 329.82 210.3158586714227 -119.5041413285773
 391.85 210.3158586714227 -181.5341413285773
 431.84 162.3111513360225 -269.5288486639774
 231.84 215.6274975705717 -16.21250242942827
 681.84 254.5836688625906 -427.2563311374095
 683.84 254.5836688625906 -429.2563311374095
 685.8200000000001 254.5836688625906 -431.2363311374095
 752.21 355.90472243254 -396.3052775674601
 302.21 259.8953077617396 -42.31469223826042
 304.21 259.8953077617396 -44.31469223826042
 307.96 259.8953077617396 -48.06469223826042
 433.55 259.8953077617396 -173.6546922382605
 435.55 259.8953077617396 -175.6546922382605
